14 18 15
30 16 15
58 17 13
59 17 12
19 15 14
63 15 14
99 13 14
64 11 12
85 11 16
50 13 15
91 13 19
16 11 18
29 9 18
80 10 19
98 10 17
18 7 19
73 9 18
88 8 19
27 17 19
47 17 18
3 18 18
51 19 18
92 18 18
22 13 4
39 13 8
54 13 6
10 11 4
12 12 2
31 10 2
71 13 3
53 17 6
62 15 7
70 17 7
24 13 8
44 11 8
77 13 8
36 10 9
37 10 10
57 10 9
65 10 10
1 14 0
8 15 2
83 15 1
86 14 0
42 16 0
48 18 2
87 16 1
15 7 6
32 8 6
94 7 7
5 5 5
25 7 4
35 6 5
0 1 7
6 1 7
74 1 8
28 3 1
33 0 2
4 2 4
55 1 5
66 1 4
75 2 6
34 4 8
52 4 10
72 5 9
60 6 10
67 6 10
76 6 10
78 0 11
84 2 10
93 0 8
38 6 1
46 6 3
49 9 1
97 7 1
2 9 4
40 9 3
82 8 3
89 8 4
96 8 3
17 9 12
68 7 11
95 8 13
9 7 16
43 6 16
69 7 17
21 2 13
41 4 14
56 4 12
79 2 15
7 1 11
20 3 11
23 1 11
11 2 13
90 1 14
13 1 16
26 2 17
61 1 16
45 4 19
81 4 17
