NO.  ID
0    14 30 58 
1    59 19 63 
2    99 64 85 
3    50 91 16 
4    29 80 98 
5    18 73 88 
6    27 47 3  
7    51 92 22 
8    39 54 10 
9    12 31 71 
10   53 62 70 
11   24 44 77 
12   36 37 57 
13   65 1  8  
14   83 86 42 
15   48 87 15 
16   32 94 5  
17   25 35 0  
18   6  74 28 
19   33 4  55 
20   66 75 34 
21   52 72 60 
22   67 76 78 
23   84 93 38 
24   46 49 97 
25   2  40 82 
26   89 96 17 
27   68 95 9  
28   43 69 21 
29   41 56 79 
30   7  20 23 
31   11 90 13 
32   26 61 45 
33   81 -1 -1 
