NO.  ID
0    14 30 58 59 
1    19 63 99 -1 
2    64 85 -1 -1 
3    50 91 -1 -1 
4    16 29 80 98 
5    18 73 88 -1 
6    27 47 -1 -1 
7    3  51 92 -1 
8    22 39 54 -1 
9    10 12 31 71 
10   53 62 70 -1 
11   24 44 77 -1 
12   36 37 57 65 
13   1  8  83 86 
14   42 48 87 -1 
15   15 32 94 -1 
16   5  25 35 -1 
17   0  6  74 -1 
18   28 33 -1 -1 
19   4  55 66 75 
20   34 52 72 -1 
21   60 67 76 -1 
22   78 84 93 -1 
23   38 46 49 97 
24   2  40 -1 -1 
25   82 89 96 -1 
26   17 68 95 -1 
27   9  43 69 -1 
28   21 41 56 79 
29   7  20 23 -1 
30   11 90 -1 -1 
31   13 26 61 -1 
32   45 81 -1 -1 
